x = [5 7 -2 4 -6] 

x =

     5     7    -2     4    -6

x = [5, 7, -2, 4, -6]

x =

     5     7    -2     4    -6

A = [1 2 3; 4 5 6]

A =

     1     2     3
     4     5     6

x(5)

ans =

    -6

x(1:3:5)

ans =

     5     4

x(1:2:5)

ans =

     5    -2    -6

x(1:3:5)

ans =

     5     4

x([3 5 1])

ans =

    -2    -6     5

A(2,2)

ans =

     5

A(1,3)

ans =

     3

A(2:2)

ans =

     4

A(2,2:3)

ans =

     5     6

A(2,[3 1])

ans =

     6     4

A([2 1], 2:3)

ans =

     5     6
     2     3

A(end, [1 3])

ans =

     4     6

(1:5)

ans =

     1     2     3     4     5

(1:inf)
{Requested array exceeds the maximum possible variable size.

<a href="matlab:helpview('matlab','error_pmaxsize')" style="font-weight:bold">Related documentation</a>
} 
linspace(1,6,3)

ans =

    1.0000    3.5000    6.0000

linspace(1,6,7)

ans =

    1.0000    1.8333    2.6667    3.5000    4.3333    5.1667    6.0000

linspace(1,6,50)

ans =

  Columns 1 through 16

    1.0000    1.1020    1.2041    1.3061    1.4082    1.5102    1.6122    1.7143    1.8163    1.9184    2.0204    2.1224    2.2245    2.3265    2.4286    2.5306

  Columns 17 through 32

    2.6327    2.7347    2.8367    2.9388    3.0408    3.1429    3.2449    3.3469    3.4490    3.5510    3.6531    3.7551    3.8571    3.9592    4.0612    4.1633

  Columns 33 through 48

    4.2653    4.3673    4.4694    4.5714    4.6735    4.7755    4.8776    4.9796    5.0816    5.1837    5.2857    5.3878    5.4898    5.5918    5.6939    5.7959

  Columns 49 through 50

    5.8980    6.0000

linspace(1,6)

ans =

  Columns 1 through 16

    1.0000    1.0505    1.1010    1.1515    1.2020    1.2525    1.3030    1.3535    1.4040    1.4545    1.5051    1.5556    1.6061    1.6566    1.7071    1.7576

  Columns 17 through 32

    1.8081    1.8586    1.9091    1.9596    2.0101    2.0606    2.1111    2.1616    2.2121    2.2626    2.3131    2.3636    2.4141    2.4646    2.5152    2.5657

  Columns 33 through 48

    2.6162    2.6667    2.7172    2.7677    2.8182    2.8687    2.9192    2.9697    3.0202    3.0707    3.1212    3.1717    3.2222    3.2727    3.3232    3.3737

  Columns 49 through 64

    3.4242    3.4747    3.5253    3.5758    3.6263    3.6768    3.7273    3.7778    3.8283    3.8788    3.9293    3.9798    4.0303    4.0808    4.1313    4.1818

  Columns 65 through 80

    4.2323    4.2828    4.3333    4.3838    4.4343    4.4848    4.5354    4.5859    4.6364    4.6869    4.7374    4.7879    4.8384    4.8889    4.9394    4.9899

  Columns 81 through 96

    5.0404    5.0909    5.1414    5.1919    5.2424    5.2929    5.3434    5.3939    5.4444    5.4949    5.5455    5.5960    5.6465    5.6970    5.7475    5.7980

  Columns 97 through 100

    5.8485    5.8990    5.9495    6.0000

linspace(1,6)

ans =

  Columns 1 through 16

    1.0000    1.0505    1.1010    1.1515    1.2020    1.2525    1.3030    1.3535    1.4040    1.4545    1.5051    1.5556    1.6061    1.6566    1.7071    1.7576

  Columns 17 through 32

    1.8081    1.8586    1.9091    1.9596    2.0101    2.0606    2.1111    2.1616    2.2121    2.2626    2.3131    2.3636    2.4141    2.4646    2.5152    2.5657

  Columns 33 through 48

    2.6162    2.6667    2.7172    2.7677    2.8182    2.8687    2.9192    2.9697    3.0202    3.0707    3.1212    3.1717    3.2222    3.2727    3.3232    3.3737

  Columns 49 through 64

    3.4242    3.4747    3.5253    3.5758    3.6263    3.6768    3.7273    3.7778    3.8283    3.8788    3.9293    3.9798    4.0303    4.0808    4.1313    4.1818

  Columns 65 through 80

    4.2323    4.2828    4.3333    4.3838    4.4343    4.4848    4.5354    4.5859    4.6364    4.6869    4.7374    4.7879    4.8384    4.8889    4.9394    4.9899

  Columns 81 through 96

    5.0404    5.0909    5.1414    5.1919    5.2424    5.2929    5.3434    5.3939    5.4444    5.4949    5.5455    5.5960    5.6465    5.6970    5.7475    5.7980

  Columns 97 through 100

    5.8485    5.8990    5.9495    6.0000

logspace(1,4,10)

ans =

   1.0e+04 *

    0.0010    0.0022    0.0046    0.0100    0.0215    0.0464    0.1000    0.2154    0.4642    1.0000

logspace(1,4,-10)

ans =

  1×0 empty <a href="matlab:helpPopup('double')" style="font-weight:bold">double</a> row vector

linspace(1,6)

ans =

  Columns 1 through 16

    1.0000    1.0505    1.1010    1.1515    1.2020    1.2525    1.3030    1.3535    1.4040    1.4545    1.5051    1.5556    1.6061    1.6566    1.7071    1.7576

  Columns 17 through 32

    1.8081    1.8586    1.9091    1.9596    2.0101    2.0606    2.1111    2.1616    2.2121    2.2626    2.3131    2.3636    2.4141    2.4646    2.5152    2.5657

  Columns 33 through 48

    2.6162    2.6667    2.7172    2.7677    2.8182    2.8687    2.9192    2.9697    3.0202    3.0707    3.1212    3.1717    3.2222    3.2727    3.3232    3.3737

  Columns 49 through 64

    3.4242    3.4747    3.5253    3.5758    3.6263    3.6768    3.7273    3.7778    3.8283    3.8788    3.9293    3.9798    4.0303    4.0808    4.1313    4.1818

  Columns 65 through 80

    4.2323    4.2828    4.3333    4.3838    4.4343    4.4848    4.5354    4.5859    4.6364    4.6869    4.7374    4.7879    4.8384    4.8889    4.9394    4.9899

  Columns 81 through 96

    5.0404    5.0909    5.1414    5.1919    5.2424    5.2929    5.3434    5.3939    5.4444    5.4949    5.5455    5.5960    5.6465    5.6970    5.7475    5.7980

  Columns 97 through 100

    5.8485    5.8990    5.9495    6.0000

(50:-2:1)

ans =

    50    48    46    44    42    40    38    36    34    32    30    28    26    24    22    20    18    16    14    12    10     8     6     4     2

zeros(5)

ans =

     0     0     0     0     0
     0     0     0     0     0
     0     0     0     0     0
     0     0     0     0     0
     0     0     0     0     0

magic(5)

ans =

    17    24     1     8    15
    23     5     7    14    16
     4     6    13    20    22
    10    12    19    21     3
    11    18    25     2     9

magic(1)

ans =

     1

magic(2)

ans =

     1     3
     4     2

magic(3)

ans =

     8     1     6
     3     5     7
     4     9     2

hilb(3)

ans =

    1.0000    0.5000    0.3333
    0.5000    0.3333    0.2500
    0.3333    0.2500    0.2000

A = rand(3)

A =

    0.8147    0.9134    0.2785
    0.9058    0.6324    0.5469
    0.1270    0.0975    0.9575

diag(A)

ans =

    0.8147
    0.6324
    0.9575

norma(A)
{Unrecognized function or variable 'norma'.
} 
norm(A)

ans =

    1.8168

lenght(A)
{Unrecognized function or variable 'lenght'.
} 
lenght(A)
{Unrecognized function or variable 'lenght'.
} 
length(A)

ans =

     3

C = rand(3,6)

C =

    0.9649    0.9572    0.1419    0.7922    0.0357    0.6787
    0.1576    0.4854    0.4218    0.9595    0.8491    0.7577
    0.9706    0.8003    0.9157    0.6557    0.9340    0.7431

length(C)

ans =

     6

size(C)

ans =

     3     6

C = rand(5,4)

C =

    0.3922    0.2769    0.3171    0.7655
    0.6555    0.0462    0.9502    0.7952
    0.1712    0.0971    0.0344    0.1869
    0.7060    0.8235    0.4387    0.4898
    0.0318    0.6948    0.3816    0.4456

length(C)

ans =

     5

B = rand(5)

B =

    0.6463    0.6551    0.3404    0.5060    0.1386
    0.7094    0.1626    0.5853    0.6991    0.1493
    0.7547    0.1190    0.2238    0.8909    0.2575
    0.2760    0.4984    0.7513    0.9593    0.8407
    0.6797    0.9597    0.2551    0.5472    0.2543

A'

ans =

    0.8147    0.9058    0.1270
    0.9134    0.6324    0.0975
    0.2785    0.5469    0.9575

A

A =

    0.8147    0.9134    0.2785
    0.9058    0.6324    0.5469
    0.1270    0.0975    0.9575

A^3

ans =

    2.5916    2.3441    2.1137
    2.4268    2.1798    2.1588
    0.6286    0.5557    1.1983

A.^2

ans =

    0.6638    0.8343    0.0776
    0.8205    0.3999    0.2991
    0.0161    0.0095    0.9168

A.'

